$basis
type=gc
        1 0
 3  1
+3.425250914000e+00 +1.543289673000e-01
+6.239137298000e-01 +5.353281423000e-01
+1.688554040000e-01 +4.446345422000e-01
        6 1
 6  2
+7.161683735000e+01 +1.543289673000e-01 +0.000000000000e+00
+1.304509632000e+01 +5.353281423000e-01 +0.000000000000e+00
+3.530512160000e+00 +4.446345422000e-01 +0.000000000000e+00
+2.941249355000e+00 +0.000000000000e+00 -9.996722919000e-02
+6.834830964000e-01 +0.000000000000e+00 +3.995128261000e-01
+2.222899159000e-01 +0.000000000000e+00 +7.001154689000e-01
 3  1
+2.941249355000e+00 +1.559162750000e-01
+6.834830964000e-01 +6.076837186000e-01
+2.222899159000e-01 +3.919573931000e-01
        7 1
 6  2
+9.910616896000e+01 +1.543289673000e-01 +0.000000000000e+00
+1.805231239000e+01 +5.353281423000e-01 +0.000000000000e+00
+4.885660238000e+00 +4.446345422000e-01 +0.000000000000e+00
+3.780455879000e+00 +0.000000000000e+00 -9.996722919000e-02
+8.784966449000e-01 +0.000000000000e+00 +3.995128261000e-01
+2.857143744000e-01 +0.000000000000e+00 +7.001154689000e-01
 3  1
+3.780455879000e+00 +1.559162750000e-01
+8.784966449000e-01 +6.076837186000e-01
+2.857143744000e-01 +3.919573931000e-01
        8 1
 6  2
+1.307093214000e+02 +1.543289673000e-01 +0.000000000000e+00
+2.380886605000e+01 +5.353281423000e-01 +0.000000000000e+00
+6.443608313000e+00 +4.446345422000e-01 +0.000000000000e+00
+5.033151319000e+00 +0.000000000000e+00 -9.996722919000e-02
+1.169596125000e+00 +0.000000000000e+00 +3.995128261000e-01
+3.803889600000e-01 +0.000000000000e+00 +7.001154689000e-01
 3  1
+5.033151319000e+00 +1.559162750000e-01
+1.169596125000e+00 +6.076837186000e-01
+3.803889600000e-01 +3.919573931000e-01
$end
